5.805995697402506721e+02
1.416922965141577961e+01
1.696536888576732904e+00
1.785234944838290094e-01
3.042475015361835844e+00
1.014158338453945163e+02
5.995697475164045720e-01
3.029513213564939988e+01
3.067311966229131937e+00
9.123802753622172190e-01
3.604495797340411922e+00
4.541407410642889914e-02
3.177531558421101132e-01
7.330099741907780686e-02
4.762927408152493047e-01
3.355440748058809985e-01
1.836249351202354330e+00
1.740549687186476291e+01
1.779929951749681605e+00
3.506713726712054324e+01
2.927560747559043719e+01
8.178421278327273569e+01
1.151684029241230478e+00
