5.805995676283954481e+02
1.416924599004297747e+01
1.696537190055273037e+00
1.785187077166973391e-01
3.042475572672751483e+00
1.014158396148381058e+02
5.995677943474817528e-01
3.029516267898003790e+01
3.067277800770313867e+00
9.123669766670280401e-01
3.604499882441615899e+00
4.541264463084013214e-02
3.177527589978109690e-01
7.330112704447917793e-02
4.762971333732108903e-01
3.355473793655183723e-01
1.836254530640856419e+00
1.740550077919277783e+01
1.779931280904634594e+00
3.506715238488003195e+01
2.927561685287443893e+01
8.178417866251292878e+01
1.151682684339959684e+00
